timer,roll,pitch,yaw,accel_x,accel_y,accel_z,posx,posy,posz
  0.00045, 0.08779, 0.08969, 3.01642, -0.14552, -0.13972, -0.41512, -0.00000, -0.00000, -0.00000
  0.05342, 0.08798, 0.08931, 3.01445, -0.14894, -0.14265, -0.42261, -0.00001, -0.00001, -0.00003
  0.05453, 0.08817, 0.08892, 3.01230, -0.15225, -0.14794, -0.44543, -0.00002, -0.00002, -0.00006
  0.05562, 0.08835, 0.08854, 3.01006, -0.14844, -0.14607, -0.45803, -0.00003, -0.00003, -0.00009
  0.05670, 0.08852, 0.08818, 3.00779, -0.14001, -0.13719, -0.46808, -0.00005, -0.00004, -0.00013
  0.05780, 0.08867, 0.08784, 3.00552, -0.12704, -0.13083, -0.47047, -0.00006, -0.00006, -0.00016
  0.05887, 0.08882, 0.08751, 3.00325, -0.12139, -0.12692, -0.46010, -0.00007, -0.00007, -0.00020
  0.05996, 0.08895, 0.08719, 3.00096, -0.12057, -0.11836, -0.45994, -0.00008, -0.00008, -0.00024
  0.06104, 0.08907, 0.08687, 2.99867, -0.11507, -0.11232, -0.46233, -0.00010, -0.00009, -0.00028
  0.06213, 0.08920, 0.08657, 2.99638, -0.11204, -0.11346, -0.45451, -0.00011, -0.00011, -0.00032
  0.06321, 0.08933, 0.08628, 2.99409, -0.10672, -0.11691, -0.44416, -0.00013, -0.00012, -0.00036
  0.06428, 0.08948, 0.08599, 2.99182, -0.10387, -0.12029, -0.43637, -0.00014, -0.00014, -0.00040
  0.06535, 0.08962, 0.08572, 2.98958, -0.09875, -0.12121, -0.41838, -0.00016, -0.00015, -0.00045
  0.06641, 0.08977, 0.08544, 2.98736, -0.10079, -0.12211, -0.41317, -0.00017, -0.00017, -0.00050
  0.06749, 0.08990, 0.08516, 2.98518, -0.10516, -0.11119, -0.41304, -0.00019, -0.00018, -0.00054
  0.06855, 0.09001, 0.08488, 2.98306, -0.10239, -0.10050, -0.42568, -0.00021, -0.00020, -0.00059
  0.06962, 0.09011, 0.08460, 2.98097, -0.10201, -0.09949, -0.44342, -0.00023, -0.00022, -0.00065
  0.07069, 0.09020, 0.08433, 2.97892, -0.09691, -0.09854, -0.45861, -0.00024, -0.00023, -0.00070
  0.07177, 0.09030, 0.08407, 2.97690, -0.09189, -0.10233, -0.46870, -0.00026, -0.00025, -0.00075
  0.07283, 0.09041, 0.08382, 2.97491, -0.08461, -0.10842, -0.47115, -0.00028, -0.00027, -0.00081
  0.07390, 0.09052, 0.08358, 2.97296, -0.07747, -0.10731, -0.47361, -0.00030, -0.00029, -0.00087
  0.07497, 0.09063, 0.08335, 2.97104, -0.07751, -0.10622, -0.47862, -0.00031, -0.00030, -0.00090
  0.07604, 0.09074, 0.08312, 2.96916, -0.07285, -0.10515, -0.48364, -0.00032, -0.00031, -0.00093
  0.07712, 0.09085, 0.08290, 2.96732, -0.06829, -0.10645, -0.48100, -0.00033, -0.00032, -0.00096
  0.07818, 0.09096, 0.08269, 2.96550, -0.06381, -0.10535, -0.48349, -0.00034, -0.00033, -0.00099
  0.07926, 0.09107, 0.08250, 2.96372, -0.05708, -0.10663, -0.48343, -0.00035, -0.00034, -0.00102
  0.08033, 0.09119, 0.08231, 2.96197, -0.05521, -0.10785, -0.46805, -0.00036, -0.00035, -0.00105
  0.08140, 0.09130, 0.08213, 2.96026, -0.05340, -0.10431, -0.45778, -0.00038, -0.00036, -0.00109
  0.08244, 0.09141, 0.08195, 2.95858, -0.05164, -0.10320, -0.45518, -0.00039, -0.00037, -0.00112
  0.08349, 0.09151, 0.08177, 2.95693, -0.05465, -0.09735, -0.43724, -0.00040, -0.00038, -0.00115
  0.08452, 0.09161, 0.08160, 2.95533, -0.05056, -0.09159, -0.42952, -0.00041, -0.00039, -0.00119
  0.08556, 0.09170, 0.08143, 2.95375, -0.05124, -0.09066, -0.43202, -0.00042, -0.00040, -0.00122
  0.08659, 0.09179, 0.08124, 2.95221, -0.05896, -0.09212, -0.43451, -0.00043, -0.00041, -0.00125
  0.08762, 0.09188, 0.08105, 2.95071, -0.06183, -0.08882, -0.42933, -0.00044, -0.00043, -0.00129
  0.08865, 0.09198, 0.08087, 2.94922, -0.05997, -0.09027, -0.41393, -0.00045, -0.00044, -0.00133
  0.08968, 0.09208, 0.08069, 2.94776, -0.05579, -0.09405, -0.41133, -0.00046, -0.00045, -0.00136
  0.09071, 0.09219, 0.08052, 2.94633, -0.05169, -0.09774, -0.40618, -0.00047, -0.00046, -0.00140
  0.09184, 0.09232, 0.08034, 2.94492, -0.05237, -0.10605, -0.39594, -0.00049, -0.00047, -0.00144
  0.09292, 0.09245, 0.08017, 2.94356, -0.05305, -0.10239, -0.39336, -0.00050, -0.00048, -0.00147
  0.09400, 0.09256, 0.07999, 2.94224, -0.05606, -0.09646, -0.40099, -0.00051, -0.00049, -0.00151
  0.09507, 0.09266, 0.07982, 2.94096, -0.05196, -0.09066, -0.40350, -0.00052, -0.00051, -0.00155
  0.09613, 0.09276, 0.07966, 2.93971, -0.04794, -0.09441, -0.40602, -0.00053, -0.00052, -0.00159
  0.09720, 0.09288, 0.07949, 2.93848, -0.04869, -0.10045, -0.41111, -0.00054, -0.00053, -0.00163
  0.09827, 0.09298, 0.07933, 2.93728, -0.04707, -0.09459, -0.41875, -0.00055, -0.00054, -0.00167
  0.09934, 0.09309, 0.07917, 2.93611, -0.04549, -0.09355, -0.41361, -0.00057, -0.00055, -0.00171
  0.10041, 0.09319, 0.07901, 2.93497, -0.04865, -0.09252, -0.40080, -0.00058, -0.00057, -0.00175
  0.10149, 0.09328, 0.07883, 2.93386, -0.05411, -0.08442, -0.40330, -0.00059, -0.00058, -0.00179
  0.10256, 0.09335, 0.07866, 2.93279, -0.05474, -0.07650, -0.41600, -0.00060, -0.00059, -0.00184
  0.10363, 0.09341, 0.07848, 2.93174, -0.05301, -0.07583, -0.43126, -0.00061, -0.00060, -0.00188
  0.10471, 0.09349, 0.07832, 2.93071, -0.04659, -0.07992, -0.44142, -0.00063, -0.00062, -0.00192
  0.10577, 0.09356, 0.07818, 2.92970, -0.03794, -0.08158, -0.44648, -0.00064, -0.00063, -0.00196
  0.10684, 0.09362, 0.07805, 2.92871, -0.02710, -0.07377, -0.45666, -0.00065, -0.00064, -0.00201
  0.10792, 0.09366, 0.07794, 2.92775, -0.01881, -0.06849, -0.46940, -0.00066, -0.00066, -0.00205
  0.10898, 0.09371, 0.07782, 2.92681, -0.02244, -0.07039, -0.47191, -0.00068, -0.00067, -0.00210
  0.11005, 0.09378, 0.07770, 2.92588, -0.02365, -0.07695, -0.46166, -0.00069, -0.00068, -0.00215
  0.11112, 0.09384, 0.07759, 2.92496, -0.02015, -0.07394, -0.45141, -0.00070, -0.00070, -0.00219
  0.11220, 0.09389, 0.07750, 2.92407, -0.01439, -0.06625, -0.44626, -0.00071, -0.00071, -0.00224
  0.11327, 0.09392, 0.07739, 2.92321, -0.01578, -0.06108, -0.45389, -0.00073, -0.00072, -0.00229
  0.11434, 0.09395, 0.07730, 2.92237, -0.01243, -0.05600, -0.45895, -0.00074, -0.00074, -0.00233
  0.11541, 0.09397, 0.07720, 2.92155, -0.01621, -0.05336, -0.45889, -0.00075, -0.00075, -0.00238
  0.11649, 0.09401, 0.07709, 2.92074, -0.01993, -0.06020, -0.44606, -0.00076, -0.00076, -0.00243
  0.11756, 0.09407, 0.07697, 2.91993, -0.02358, -0.06925, -0.43581, -0.00078, -0.00078, -0.00248
  0.11863, 0.09414, 0.07685, 2.91913, -0.02715, -0.07576, -0.43578, -0.00079, -0.00079, -0.00253
  0.11970, 0.09421, 0.07673, 2.91835, -0.02594, -0.07744, -0.44087, -0.00080, -0.00081, -0.00258
  0.12077, 0.09430, 0.07661, 2.91757, -0.02711, -0.08853, -0.44086, -0.00081, -0.00082, -0.00263
  0.12185, 0.09443, 0.07649, 2.91679, -0.02592, -0.10413, -0.43578, -0.00083, -0.00084, -0.00268
  0.12292, 0.09457, 0.07635, 2.91601, -0.03416, -0.11233, -0.42559, -0.00084, -0.00085, -0.00274
  0.12399, 0.09471, 0.07623, 2.91527, -0.03049, -0.11329, -0.42307, -0.00085, -0.00086, -0.00279
  0.12506, 0.09485, 0.07610, 2.91457, -0.02690, -0.10951, -0.42311, -0.00087, -0.00088, -0.00284
  0.12613, 0.09497, 0.07599, 2.91391, -0.02337, -0.09635, -0.42569, -0.00088, -0.00089, -0.00289
  0.12720, 0.09507, 0.07588, 2.91329, -0.01990, -0.09526, -0.42827, -0.00089, -0.00091, -0.00295
  0.12827, 0.09519, 0.07578, 2.91268, -0.01886, -0.09655, -0.42318, -0.00091, -0.00092, -0.00300
  0.12934, 0.09529, 0.07569, 2.91209, -0.01316, -0.09308, -0.41555, -0.00092, -0.00094, -0.00306
  0.13041, 0.09540, 0.07560, 2.91152, -0.00992, -0.09441, -0.41814, -0.00093, -0.00095, -0.00311
  0.13149, 0.09550, 0.07552, 2.91097, -0.00908, -0.09338, -0.43095, -0.00095, -0.00097, -0.00317
  0.13263, 0.09559, 0.07543, 2.91044, -0.01296, -0.08766, -0.43352, -0.00096, -0.00098, -0.00323
  0.13370, 0.09568, 0.07534, 2.90993, -0.01206, -0.08440, -0.42843, -0.00097, -0.00100, -0.00328
  0.13479, 0.09577, 0.07527, 2.90943, -0.00179, -0.08591, -0.42080, -0.00099, -0.00102, -0.00334
  0.13586, 0.09587, 0.07521, 2.90892,  0.00121, -0.09210, -0.41063, -0.00100, -0.00103, -0.00340
  0.13693, 0.09599, 0.07514, 2.90842, -0.00053, -0.10053, -0.41325, -0.00101, -0.00105, -0.00346
  0.13800, 0.09612, 0.07508, 2.90792,  0.00246, -0.10647, -0.42099, -0.00103, -0.00106, -0.00352
  0.13907, 0.09625, 0.07504, 2.90743,  0.01011, -0.10995, -0.42620, -0.00104, -0.00108, -0.00358
  0.14016, 0.09636, 0.07500, 2.90696,  0.01291, -0.09923, -0.43649, -0.00105, -0.00110, -0.00364
  0.14123, 0.09644, 0.07496, 2.90651,  0.01332, -0.08403, -0.44932, -0.00107, -0.00111, -0.00370
  0.14241, 0.09650, 0.07491, 2.90609,  0.00901, -0.07385, -0.44933, -0.00108, -0.00113, -0.00376
  0.14348, 0.09655, 0.07485, 2.90567,  0.00713, -0.07329, -0.44424, -0.00109, -0.00114, -0.00382
  0.14455, 0.09661, 0.07481, 2.90527,  0.00762, -0.07035, -0.42892, -0.00111, -0.00116, -0.00388
  0.14562, 0.09665, 0.07476, 2.90487,  0.01043, -0.06507, -0.41616, -0.00112, -0.00118, -0.00395
  0.14669, 0.09671, 0.07474, 2.90448,  0.01790, -0.06934, -0.41363, -0.00113, -0.00119, -0.00401
  0.14776, 0.09676, 0.07471, 2.90409,  0.01580, -0.06878, -0.40344, -0.00115, -0.00121, -0.00408
  0.14883, 0.09681, 0.07465, 2.90372,  0.00198, -0.06586, -0.39834, -0.00116, -0.00123, -0.00414
  0.14990, 0.09685, 0.07458, 2.90337, -0.00686, -0.06065, -0.40088, -0.00117, -0.00125, -0.00420
  0.15097, 0.09688, 0.07451, 2.90303, -0.00615, -0.05317, -0.39318, -0.00119, -0.00126, -0.00427
  0.15205, 0.09690, 0.07444, 2.90270, -0.00310, -0.04820, -0.38804, -0.00120, -0.00128, -0.00434
  0.15313, 0.09691, 0.07438, 2.90237, -0.00011, -0.05041, -0.39568, -0.00121, -0.00130, -0.00440
  0.15419, 0.09694, 0.07433, 2.90205,  0.00519, -0.05260, -0.40844, -0.00123, -0.00132, -0.00447
  0.15526, 0.09696, 0.07426, 2.90174, -0.00368, -0.05716, -0.42886, -0.00124, -0.00133, -0.00454
  0.15633, 0.09701, 0.07417, 2.90139, -0.01003, -0.06873, -0.43395, -0.00125, -0.00135, -0.00460
  0.15740, 0.09707, 0.07410, 2.90101, -0.00453, -0.07533, -0.42118, -0.00127, -0.00137, -0.00467
  0.15847, 0.09713, 0.07405, 2.90062,  0.00319, -0.07471, -0.41098, -0.00128, -0.00139, -0.00474
  0.15953, 0.09717, 0.07401, 2.90023,  0.01313, -0.06466, -0.41355, -0.00129, -0.00140, -0.00481
  0.16060, 0.09720, 0.07398, 2.89985,  0.01583, -0.05717, -0.42122, -0.00131, -0.00142, -0.00488
  0.16167, 0.09721, 0.07396, 2.89947,  0.02083, -0.04983, -0.42377, -0.00132, -0.00144, -0.00495
  0.16274, 0.09722, 0.07395, 2.89909,  0.02574, -0.04497, -0.42632, -0.00134, -0.00146, -0.00502
  0.16383, 0.09723, 0.07395, 2.89871,  0.02819, -0.04966, -0.42633, -0.00135, -0.00148, -0.00509
  0.16489, 0.09725, 0.07394, 2.89833,  0.02824, -0.05187, -0.41868, -0.00136, -0.00149, -0.00516
  0.16596, 0.09726, 0.07394, 2.89795,  0.03300, -0.04932, -0.42381, -0.00137, -0.00151, -0.00523
  0.16702, 0.09726, 0.07394, 2.89759,  0.03063, -0.04212, -0.43913, -0.00139, -0.00153, -0.00531
  0.16809, 0.09725, 0.07393, 2.89725,  0.02596, -0.03745, -0.44678, -0.00140, -0.00155, -0.00538
  0.16916, 0.09724, 0.07391, 2.89690,  0.02138, -0.03995, -0.45186, -0.00141, -0.00157, -0.00545
  0.17023, 0.09724, 0.07389, 2.89656,  0.02397, -0.04717, -0.46718, -0.00143, -0.00159, -0.00553
  0.17130, 0.09724, 0.07388, 2.89622,  0.02889, -0.04719, -0.48250, -0.00144, -0.00160, -0.00560
  0.17237, 0.09721, 0.07386, 2.89590,  0.02665, -0.03541, -0.47991, -0.00145, -0.00162, -0.00567
  0.17344, 0.09718, 0.07384, 2.89559,  0.02442, -0.02851, -0.45176, -0.00147, -0.00164, -0.00575
  0.17451, 0.09713, 0.07382, 2.89530,  0.02221, -0.01935, -0.43637, -0.00148, -0.00166, -0.00582
  0.17558, 0.09709, 0.07380, 2.89500,  0.02239, -0.02453, -0.43887, -0.00149, -0.00168, -0.00590
  0.17664, 0.09708, 0.07379, 2.89470,  0.02494, -0.03672, -0.44651, -0.00151, -0.00170, -0.00598
  0.17771, 0.09707, 0.07377, 2.89440,  0.02273, -0.04158, -0.44905, -0.00152, -0.00172, -0.00605
  0.17878, 0.09706, 0.07376, 2.89411,  0.02527, -0.03927, -0.45414, -0.00153, -0.00174, -0.00613
  0.17985, 0.09705, 0.07374, 2.89383,  0.02305, -0.03700, -0.44645, -0.00155, -0.00175, -0.00621
  0.18092, 0.09705, 0.07371, 2.89355,  0.01851, -0.04184, -0.43620, -0.00156, -0.00177, -0.00629
  0.18200, 0.09706, 0.07370, 2.89326,  0.02346, -0.04895, -0.43109, -0.00157, -0.00179, -0.00637
  0.18306, 0.09708, 0.07369, 2.89297,  0.02597, -0.05356, -0.42855, -0.00159, -0.00181, -0.00645
  0.18413, 0.09709, 0.07368, 2.89268,  0.02846, -0.05339, -0.44389, -0.00160, -0.00183, -0.00653
  0.18520, 0.09710, 0.07367, 2.89241,  0.03328, -0.05090, -0.46178, -0.00161, -0.00185, -0.00661
  0.18628, 0.09710, 0.07366, 2.89215,  0.02624, -0.04608, -0.45666, -0.00162, -0.00187, -0.00669
  0.18736, 0.09710, 0.07364, 2.89190,  0.02166, -0.04133, -0.43875, -0.00164, -0.00189, -0.00677
  0.18843, 0.09709, 0.07362, 2.89158,  0.02188, -0.04376, -0.44129, -0.00165, -0.00191, -0.00685
  0.18950, 0.09710, 0.07360, 2.89121,  0.02209, -0.04614, -0.44128, -0.00166, -0.00193, -0.00693
  0.19057, 0.09711, 0.07357, 2.89080,  0.02229, -0.04844, -0.42849, -0.00168, -0.00195, -0.00702
  0.19164, 0.09713, 0.07356, 2.89036,  0.02248, -0.05304, -0.42339, -0.00169, -0.00197, -0.00710
  0.19271, 0.09714, 0.07354, 2.88990,  0.02501, -0.04574, -0.42083, -0.00170, -0.00199, -0.00718
  0.19378, 0.09714, 0.07354, 2.88943,  0.03219, -0.04567, -0.42340, -0.00171, -0.00201, -0.00727
  0.19485, 0.09716, 0.07355, 2.88895,  0.03690, -0.05034, -0.43364, -0.00173, -0.00202, -0.00735
  0.19592, 0.09718, 0.07357, 2.88845,  0.04153, -0.05490, -0.42345, -0.00174, -0.00204, -0.00744
  0.19700, 0.09721, 0.07357, 2.88795,  0.03429, -0.05461, -0.40304, -0.00175, -0.00206, -0.00753
  0.19806, 0.09724, 0.07356, 2.88745,  0.02719, -0.05435, -0.40561, -0.00176, -0.00208, -0.00761
  0.19914, 0.09725, 0.07356, 2.88697,  0.02965, -0.04940, -0.42096, -0.00178, -0.00210, -0.00770
  0.20020, 0.09726, 0.07354, 2.88649,  0.02264, -0.04689, -0.41329, -0.00179, -0.00212, -0.00779
  0.20127, 0.09729, 0.07352, 2.88600,  0.02280, -0.05149, -0.40307, -0.00180, -0.00214, -0.00788
  0.20235, 0.09730, 0.07351, 2.88553,  0.02296, -0.04893, -0.41330, -0.00181, -0.00216, -0.00796
  0.20342, 0.09731, 0.07348, 2.88507,  0.01841, -0.04642, -0.41585, -0.00183, -0.00218, -0.00805
  0.20449, 0.09732, 0.07347, 2.88461,  0.02334, -0.04630, -0.40563, -0.00184, -0.00220, -0.00814
  0.20556, 0.09733, 0.07348, 2.88416,  0.03287, -0.04380, -0.40053, -0.00185, -0.00222, -0.00823
  0.20663, 0.09732, 0.07349, 2.88373,  0.03753, -0.03666, -0.41331, -0.00186, -0.00224, -0.00832
  0.20770, 0.09732, 0.07351, 2.88330,  0.04211, -0.03675, -0.42354, -0.00188, -0.00226, -0.00841
  0.20877, 0.09731, 0.07353, 2.88288,  0.03955, -0.03683, -0.42354, -0.00189, -0.00229, -0.00851
  0.20985, 0.09730, 0.07354, 2.88246,  0.03705, -0.03926, -0.42099, -0.00190, -0.00231, -0.00860
  0.21091, 0.09730, 0.07353, 2.88206,  0.02989, -0.03693, -0.41843, -0.00191, -0.00233, -0.00869
  0.21202, 0.09730, 0.07353, 2.88166,  0.02990, -0.04170, -0.40821, -0.00192, -0.00235, -0.00878
  0.21309, 0.09732, 0.07354, 2.88125,  0.03462, -0.05112, -0.41334, -0.00194, -0.00237, -0.00888
  0.21417, 0.09734, 0.07354, 2.88085,  0.03220, -0.05093, -0.41592, -0.00195, -0.00239, -0.00897
  0.21524, 0.09737, 0.07354, 2.88046,  0.03218, -0.05309, -0.40828, -0.00196, -0.00241, -0.00907
  0.21631, 0.09739, 0.07355, 2.88007,  0.03452, -0.05286, -0.41086, -0.00197, -0.00243, -0.00916
  0.21738, 0.09740, 0.07357, 2.87970,  0.04154, -0.04791, -0.41855, -0.00199, -0.00245, -0.00926
  0.21845, 0.09741, 0.07358, 2.87933,  0.03903, -0.04543, -0.42879, -0.00200, -0.00247, -0.00935
  0.21952, 0.09742, 0.07359, 2.87898,  0.03656, -0.04536, -0.42880, -0.00201, -0.00249, -0.00945
  0.22059, 0.09743, 0.07360, 2.87871,  0.03883, -0.05000, -0.42627, -0.00202, -0.00251, -0.00955
  0.22168, 0.09745, 0.07361, 2.87851,  0.03871, -0.04987, -0.43652, -0.00203, -0.00253, -0.00964
  0.22275, 0.09746, 0.07361, 2.87837,  0.03391, -0.05213, -0.44675, -0.00204, -0.00256, -0.00974
  0.22382, 0.09748, 0.07359, 2.87828,  0.01978, -0.05198, -0.44164, -0.00206, -0.00258, -0.00984
  0.22489, 0.09750, 0.07354, 2.87823,  0.00590, -0.05419, -0.43907, -0.00207, -0.00260, -0.00994
  0.22597, 0.09751, 0.07349, 2.87821,  0.00640, -0.05164, -0.44160, -0.00208, -0.00262, -0.01004
  0.22707, 0.09752, 0.07346, 2.87821,  0.01626, -0.04679, -0.44669, -0.00209, -0.00264, -0.01014
  0.22815, 0.09751, 0.07344, 2.87824,  0.02366, -0.04439, -0.45179, -0.00210, -0.00266, -0.01024
  0.22922, 0.09751, 0.07344, 2.87827,  0.03325, -0.04440, -0.44667, -0.00211, -0.00268, -0.01034
  0.23029, 0.09752, 0.07345, 2.87831,  0.03794, -0.04676, -0.43902, -0.00213, -0.00270, -0.01044
  0.23136, 0.09753, 0.07344, 2.87835,  0.03078, -0.05143, -0.43392, -0.00214, -0.00273, -0.01054
  0.23244, 0.09756, 0.07343, 2.87840,  0.02611, -0.05839, -0.44160, -0.00215, -0.00275, -0.01065
  0.23351, 0.09759, 0.07343, 2.87844,  0.03096, -0.06286, -0.45185, -0.00216, -0.00277, -0.01075
  0.23458, 0.09763, 0.07343, 2.87848,  0.03337, -0.06251, -0.44422, -0.00217, -0.00279, -0.01085
  0.23565, 0.09766, 0.07343, 2.87853,  0.03336, -0.06215, -0.43404, -0.00218, -0.00281, -0.01096
  0.23672, 0.09769, 0.07346, 2.87858,  0.04979, -0.05707, -0.42642, -0.00220, -0.00283, -0.01106
  0.23778, 0.09770, 0.07351, 2.87863,  0.05648, -0.04733, -0.40858, -0.00221, -0.00286, -0.01117
  0.23885, 0.09772, 0.07354, 2.87869,  0.04423, -0.04958, -0.40606, -0.00222, -0.00288, -0.01127
  0.23992, 0.09773, 0.07354, 2.87876,  0.03223, -0.04708, -0.41629, -0.00223, -0.00290, -0.01138
  0.24105, 0.09773, 0.07353, 2.87883,  0.02516, -0.04225, -0.41373, -0.00224, -0.00292, -0.01149
  0.24216, 0.09774, 0.07351, 2.87890,  0.02293, -0.04461, -0.41884, -0.00225, -0.00294, -0.01159
  0.24325, 0.09773, 0.07349, 2.87898,  0.02072, -0.03984, -0.41882, -0.00226, -0.00297, -0.01170
  0.24433, 0.09771, 0.07347, 2.87907,  0.02091, -0.03043, -0.42134, -0.00227, -0.00299, -0.01181
  0.24540, 0.09769, 0.07345, 2.87915,  0.02109, -0.03065, -0.42386, -0.00229, -0.00301, -0.01192
  0.24648, 0.09767, 0.07345, 2.87923,  0.02597, -0.03086, -0.41872, -0.00230, -0.00303, -0.01203
  0.24756, 0.09766, 0.07344, 2.87930,  0.02839, -0.03575, -0.40338, -0.00231, -0.00306, -0.01214
  0.24863, 0.09765, 0.07345, 2.87937,  0.03076, -0.03583, -0.40082, -0.00232, -0.00308, -0.01225
  0.24971, 0.09764, 0.07344, 2.87944,  0.02839, -0.03355, -0.40847, -0.00233, -0.00310, -0.01236
  0.25078, 0.09763, 0.07343, 2.87951,  0.02139, -0.03841, -0.41867, -0.00234, -0.00312, -0.01247
  0.25188, 0.09763, 0.07341, 2.87958,  0.02391, -0.04082, -0.42122, -0.00235, -0.00315, -0.01258
  0.25291, 0.09762, 0.07341, 2.87965,  0.02873, -0.03372, -0.41609, -0.00236, -0.00317, -0.01270
  0.25396, 0.09759, 0.07342, 2.87972,  0.03345, -0.02675, -0.41352, -0.00237, -0.00319, -0.01281
  0.25500, 0.09757, 0.07343, 2.87980,  0.03574, -0.02701, -0.41861, -0.00238, -0.00322, -0.01292
  0.25604, 0.09755, 0.07343, 2.87987,  0.03093, -0.03199, -0.42626, -0.00239, -0.00324, -0.01303
  0.25708, 0.09754, 0.07344, 2.87993,  0.03328, -0.03452, -0.42881, -0.00240, -0.00326, -0.01315
  0.25811, 0.09754, 0.07344, 2.87999,  0.03322, -0.03937, -0.42625, -0.00242, -0.00328, -0.01326
  0.25915, 0.09754, 0.07342, 2.88004,  0.02140, -0.04412, -0.41858, -0.00243, -0.00331, -0.01338
  0.26018, 0.09754, 0.07340, 2.88010,  0.01921, -0.03933, -0.41601, -0.00244, -0.00333, -0.01349
  0.26121, 0.09753, 0.07339, 2.88016,  0.02411, -0.03226, -0.41599, -0.00245, -0.00335, -0.01361
  0.26239, 0.09752, 0.07338, 2.88022,  0.02186, -0.03474, -0.41086, -0.00246, -0.00338, -0.01372
  0.26347, 0.09751, 0.07337, 2.88028,  0.02435, -0.03717, -0.40829, -0.00247, -0.00340, -0.01384
  0.26453, 0.09752, 0.07336, 2.88033,  0.02680, -0.03957, -0.41085, -0.00248, -0.00342, -0.01395
  0.26561, 0.09753, 0.07334, 2.88037,  0.01979, -0.04427, -0.40318, -0.00249, -0.00344, -0.01407
  0.26668, 0.09752, 0.07333, 2.88042,  0.01996, -0.03708, -0.39550, -0.00250, -0.00347, -0.01419
  0.26775, 0.09752, 0.07333, 2.88047,  0.02718, -0.03712, -0.39805, -0.00251, -0.00349, -0.01430
  0.26882, 0.09753, 0.07332, 2.88050,  0.02723, -0.04662, -0.40572, -0.00252, -0.00351, -0.01442
  0.26989, 0.09756, 0.07332, 2.88053,  0.02727, -0.05359, -0.40319, -0.00253, -0.00354, -0.01454
  0.27097, 0.09758, 0.07330, 2.88056,  0.02262, -0.05334, -0.40575, -0.00254, -0.00356, -0.01466
  0.27204, 0.09760, 0.07329, 2.88059,  0.02512, -0.05313, -0.41854, -0.00255, -0.00358, -0.01478
  0.27718, 0.09762, 0.07329, 2.88062,  0.02995, -0.05294, -0.42623, -0.00256, -0.00361, -0.01492
  0.27752, 0.09764, 0.07329, 2.88064,  0.03233, -0.05277, -0.43136, -0.00257, -0.00364, -0.01506
  0.27786, 0.09766, 0.07329, 2.88067,  0.03467, -0.05495, -0.42627, -0.00259, -0.00366, -0.01520
  0.27819, 0.09769, 0.07331, 2.88069,  0.03932, -0.05473, -0.41608, -0.00260, -0.00369, -0.01533
  0.27852, 0.09770, 0.07333, 2.88071,  0.03917, -0.05212, -0.41867, -0.00261, -0.00371, -0.01546
  0.27885, 0.09771, 0.07333, 2.88074,  0.03433, -0.04485, -0.42634, -0.00262, -0.00374, -0.01558
  0.27918, 0.09771, 0.07332, 2.88078,  0.02723, -0.04244, -0.43145, -0.00263, -0.00376, -0.01571
  0.27952, 0.09771, 0.07329, 2.88082,  0.01792, -0.04481, -0.43910, -0.00264, -0.00378, -0.01582
  0.27985, 0.09771, 0.07325, 2.88087,  0.01114, -0.04242, -0.44673, -0.00265, -0.00381, -0.01594
  0.28018, 0.09770, 0.07321, 2.88092,  0.01391, -0.03537, -0.45180, -0.00265, -0.00383, -0.01605
  0.28052, 0.09767, 0.07318, 2.88098,  0.01428, -0.03083, -0.45941, -0.00266, -0.00385, -0.01615
  0.28088, 0.09765, 0.07315, 2.88103,  0.01934, -0.03583, -0.46959, -0.00267, -0.00387, -0.01626
  0.28121, 0.09763, 0.07315, 2.88106,  0.03372, -0.03838, -0.46447, -0.00268, -0.00389, -0.01635
  0.28161, 0.09762, 0.07316, 2.88110,  0.04076, -0.03850, -0.45425, -0.00269, -0.00390, -0.01645
  0.28194, 0.09761, 0.07318, 2.88113,  0.04298, -0.04098, -0.45425, -0.00269, -0.00392, -0.01654
  0.28228, 0.09759, 0.07319, 2.88118,  0.03574, -0.03161, -0.45679, -0.00270, -0.00394, -0.01662
  0.28335, 0.09755, 0.07317, 2.88123,  0.02629, -0.02714, -0.45163, -0.00271, -0.00395, -0.01671
  0.28445, 0.09754, 0.07314, 2.88122,  0.01702, -0.03927, -0.45160, -0.00271, -0.00397, -0.01679
  0.28552, 0.09755, 0.07310, 2.88115,  0.01262, -0.04882, -0.45413, -0.00272, -0.00399, -0.01688
  0.28661, 0.09756, 0.07308, 2.88105,  0.02007, -0.04875, -0.45412, -0.00273, -0.00400, -0.01697
  0.28769, 0.09757, 0.07306, 2.88091,  0.02501, -0.04867, -0.44134, -0.00273, -0.00401, -0.01703
  0.28877, 0.09759, 0.07305, 2.88075,  0.02748, -0.05329, -0.43113, -0.00274, -0.00403, -0.01710
  0.28984, 0.09762, 0.07304, 2.88056,  0.02520, -0.06017, -0.42349, -0.00274, -0.00404, -0.01717
  0.29091, 0.09766, 0.07303, 2.88036,  0.02532, -0.06694, -0.43119, -0.00275, -0.00406, -0.01725
  0.29199, 0.09770, 0.07302, 2.88015,  0.02544, -0.06417, -0.43889, -0.00275, -0.00407, -0.01733
  0.29306, 0.09772, 0.07300, 2.87995,  0.02320, -0.05434, -0.42612, -0.00276, -0.00409, -0.01742
  0.29413, 0.09774, 0.07300, 2.87974,  0.02806, -0.05415, -0.42613, -0.00277, -0.00410, -0.01751
  0.29520, 0.09775, 0.07300, 2.87954,  0.03283, -0.04689, -0.43380, -0.00277, -0.00412, -0.01761
  0.29631, 0.09774, 0.07301, 2.87934,  0.03514, -0.04211, -0.42359, -0.00278, -0.00414, -0.01771
  0.29739, 0.09775, 0.07303, 2.87913,  0.04209, -0.04447, -0.41338, -0.00279, -0.00416, -0.01782
  0.29847, 0.09774, 0.07306, 2.87892,  0.04656, -0.03968, -0.40574, -0.00280, -0.00418, -0.01793
  0.29955, 0.09774, 0.07309, 2.87873,  0.04152, -0.03496, -0.39042, -0.00280, -0.00420, -0.01805
  0.30063, 0.09773, 0.07312, 2.87853,  0.04363, -0.03741, -0.39555, -0.00281, -0.00423, -0.01817
  0.30171, 0.09773, 0.07314, 2.87833,  0.04337, -0.03983, -0.40834, -0.00282, -0.00425, -0.01829
  0.30275, 0.09771, 0.07316, 2.87815,  0.03607, -0.03517, -0.42366, -0.00283, -0.00427, -0.01842
  0.30379, 0.09770, 0.07316, 2.87797,  0.03365, -0.03534, -0.44665, -0.00284, -0.00430, -0.01856
  0.30482, 0.09769, 0.07316, 2.87779,  0.03365, -0.04023, -0.45431, -0.00285, -0.00432, -0.01869
  0.30585, 0.09769, 0.07316, 2.87761,  0.03601, -0.04505, -0.46453, -0.00286, -0.00435, -0.01883
  0.30689, 0.09769, 0.07316, 2.87743,  0.03598, -0.04506, -0.46453, -0.00287, -0.00437, -0.01896
  0.30792, 0.09768, 0.07316, 2.87727,  0.03359, -0.04034, -0.46197, -0.00288, -0.00440, -0.01910
  0.30895, 0.09766, 0.07317, 2.87710,  0.03830, -0.03571, -0.46195, -0.00289, -0.00442, -0.01924
  0.30998, 0.09765, 0.07318, 2.87694,  0.03822, -0.03824, -0.45939, -0.00289, -0.00445, -0.01937
  0.31101, 0.09765, 0.07318, 2.87678,  0.03107, -0.04543, -0.45173, -0.00290, -0.00447, -0.01951
  0.31211, 0.09765, 0.07316, 2.87662,  0.02404, -0.04301, -0.43639, -0.00291, -0.00450, -0.01965
  0.31319, 0.09764, 0.07313, 2.87648,  0.01950, -0.03355, -0.43890, -0.00292, -0.00452, -0.01978
  0.31426, 0.09761, 0.07311, 2.87634,  0.01977, -0.03139, -0.45419, -0.00293, -0.00455, -0.01992
  0.31533, 0.09759, 0.07309, 2.87620,  0.02473, -0.03400, -0.45416, -0.00294, -0.00457, -0.02006
  0.31640, 0.09758, 0.07308, 2.87614,  0.02486, -0.03888, -0.43370, -0.00295, -0.00460, -0.02020
  0.31747, 0.09758, 0.07308, 2.87614,  0.02966, -0.04128, -0.41581, -0.00296, -0.00463, -0.02034
  0.31856, 0.09759, 0.07309, 2.87617,  0.03674, -0.04363, -0.42094, -0.00297, -0.00465, -0.02048
  0.31965, 0.09760, 0.07308, 2.87625,  0.03198, -0.04837, -0.45161, -0.00297, -0.00468, -0.02062
  0.32072, 0.09760, 0.07307, 2.87636,  0.02731, -0.04830, -0.45161, -0.00298, -0.00470, -0.02076
  0.32180, 0.09760, 0.07306, 2.87650,  0.02506, -0.04114, -0.44392, -0.00299, -0.00473, -0.02090
  0.32289, 0.09758, 0.07305, 2.87666,  0.02992, -0.03649, -0.44901, -0.00300, -0.00475, -0.02104
  0.32396, 0.09757, 0.07305, 2.87683,  0.03467, -0.03902, -0.45156, -0.00301, -0.00478, -0.02119
  0.32504, 0.09756, 0.07307, 2.87701,  0.03934, -0.04149, -0.44901, -0.00302, -0.00480, -0.02133
  0.32611, 0.09755, 0.07307, 2.87720,  0.03450, -0.03681, -0.44133, -0.00303, -0.00483, -0.02148
  0.32719, 0.09753, 0.07306, 2.87740,  0.02506, -0.03222, -0.44641, -0.00303, -0.00486, -0.02162
  0.32827, 0.09750, 0.07304, 2.87761,  0.02288, -0.03248, -0.46681, -0.00304, -0.00488, -0.02177
  0.32936, 0.09748, 0.07301, 2.87781,  0.02310, -0.03511, -0.46677, -0.00305, -0.00491, -0.02191
  0.33046, 0.09746, 0.07300, 2.87801,  0.02800, -0.03530, -0.45652, -0.00306, -0.00493, -0.02206
  0.33159, 0.09744, 0.07301, 2.87821,  0.03749, -0.03547, -0.44118, -0.00307, -0.00496, -0.02221
  0.33267, 0.09743, 0.07303, 2.87840,  0.04208, -0.03796, -0.42075, -0.00308, -0.00499, -0.02236
  0.33375, 0.09741, 0.07304, 2.87860,  0.03718, -0.03097, -0.42329, -0.00308, -0.00501, -0.02251
  0.33482, 0.09737, 0.07306, 2.87880,  0.04179, -0.02651, -0.43349, -0.00309, -0.00504, -0.02266
  0.33590, 0.09734, 0.07309, 2.87899,  0.04632, -0.02923, -0.44114, -0.00310, -0.00507, -0.02281
  0.33697, 0.09732, 0.07311, 2.87919,  0.04607, -0.03191, -0.44880, -0.00311, -0.00509, -0.02296
  0.33804, 0.09729, 0.07312, 2.87938,  0.03877, -0.02981, -0.44878, -0.00312, -0.00512, -0.02312
  0.33912, 0.09726, 0.07312, 2.87957,  0.02927, -0.03248, -0.45386, -0.00313, -0.00515, -0.02327
  0.34020, 0.09723, 0.07309, 2.87976,  0.02230, -0.03273, -0.44871, -0.00313, -0.00517, -0.02342
  0.34128, 0.09720, 0.07306, 2.87996,  0.01547, -0.03062, -0.45121, -0.00314, -0.00520, -0.02358
  0.34236, 0.09718, 0.07303, 2.88015,  0.02055, -0.03330, -0.46649, -0.00315, -0.00523, -0.02373
  0.34344, 0.09715, 0.07302, 2.88032,  0.03259, -0.03595, -0.48180, -0.00316, -0.00525, -0.02389
  0.34452, 0.09713, 0.07304, 2.88050,  0.04205, -0.03619, -0.48178, -0.00317, -0.00528, -0.02404
  0.34559, 0.09710, 0.07306, 2.88067,  0.04897, -0.03168, -0.46899, -0.00317, -0.00531, -0.02420
  0.34666, 0.09706, 0.07309, 2.88084,  0.04869, -0.02959, -0.45876, -0.00318, -0.00534, -0.02435
  0.34774, 0.09704, 0.07310, 2.88102,  0.03899, -0.03462, -0.45364, -0.00319, -0.00536, -0.02451
  0.34881, 0.09702, 0.07310, 2.88122,  0.03417, -0.03480, -0.44085, -0.00320, -0.00539, -0.02467
  0.34989, 0.09701, 0.07310, 2.88143,  0.03177, -0.03496, -0.42805, -0.00321, -0.00542, -0.02483
  0.35096, 0.09700, 0.07311, 2.88164,  0.03411, -0.03747, -0.41783, -0.00321, -0.00544, -0.02498
  0.35204, 0.09701, 0.07312, 2.88184,  0.03638, -0.04698, -0.41018, -0.00322, -0.00547, -0.02514
  0.35312, 0.09702, 0.07314, 2.88205,  0.03627, -0.04925, -0.41787, -0.00323, -0.00550, -0.02530
  0.35419, 0.09703, 0.07314, 2.88226,  0.03382, -0.04439, -0.42043, -0.00324, -0.00553, -0.02546
  0.35527, 0.09704, 0.07314, 2.88247,  0.03138, -0.04430, -0.40511, -0.00324, -0.00555, -0.02562
  0.35635, 0.09705, 0.07315, 2.88268,  0.02898, -0.04418, -0.39235, -0.00325, -0.00558, -0.02578
  0.35742, 0.09706, 0.07313, 2.88290,  0.02193, -0.04171, -0.39490, -0.00326, -0.00561, -0.02594
  0.35849, 0.09707, 0.07310, 2.88311,  0.01500, -0.04637, -0.39234, -0.00327, -0.00563, -0.02610
  0.35956, 0.09708, 0.07307, 2.88332,  0.01291, -0.04387, -0.39233, -0.00327, -0.00566, -0.02627
  0.36064, 0.09707, 0.07305, 2.88354,  0.01791, -0.03670, -0.39742, -0.00328, -0.00569, -0.02643
  0.36173, 0.09707, 0.07304, 2.88375,  0.02046, -0.03676, -0.39484, -0.00329, -0.00572, -0.02659
  0.36283, 0.09707, 0.07302, 2.88396,  0.02061, -0.03916, -0.38717, -0.00330, -0.00574, -0.02675
  0.36393, 0.09707, 0.07299, 2.88416,  0.01371, -0.04153, -0.39226, -0.00330, -0.00577, -0.02692
  0.36501, 0.09709, 0.07295, 2.88435,  0.00931, -0.04859, -0.39736, -0.00331, -0.00580, -0.02708
  0.37015, 0.09710, 0.07293, 2.88454,  0.01677, -0.04610, -0.41012, -0.00332, -0.00583, -0.02728
  0.37052, 0.09710, 0.07292, 2.88474,  0.02878, -0.04129, -0.41267, -0.00333, -0.00586, -0.02747
  0.37086, 0.09709, 0.07291, 2.88493,  0.02409, -0.03654, -0.40244, -0.00334, -0.00590, -0.02766
  0.37120, 0.09709, 0.07289, 2.88512,  0.01949, -0.04131, -0.39732, -0.00334, -0.00593, -0.02784
  0.37160, 0.09711, 0.07287, 2.88529,  0.01734, -0.04836, -0.40754, -0.00335, -0.00596, -0.02802
  0.37194, 0.09713, 0.07283, 2.88547,  0.01290, -0.04820, -0.41009, -0.00336, -0.00598, -0.02819
  0.37228, 0.09714, 0.07280, 2.88564,  0.01324, -0.04568, -0.41007, -0.00336, -0.00601, -0.02836
  0.37262, 0.09715, 0.07277, 2.88581,  0.01591, -0.04555, -0.40495, -0.00337, -0.00604, -0.02852
  0.37296, 0.09717, 0.07275, 2.88597,  0.01619, -0.04778, -0.40750, -0.00338, -0.00606, -0.02867
  0.37329, 0.09719, 0.07270, 2.88613,  0.00941, -0.05235, -0.41517, -0.00338, -0.00609, -0.02882
  0.37363, 0.09722, 0.07266, 2.88628,  0.00746, -0.05211, -0.41516, -0.00339, -0.00611, -0.02896
  0.37396, 0.09724, 0.07262, 2.88644,  0.01025, -0.05188, -0.42026, -0.00340, -0.00614, -0.02910
  0.37430, 0.09726, 0.07258, 2.88659,  0.01062, -0.04928, -0.40748, -0.00340, -0.00616, -0.02924
  0.37465, 0.09726, 0.07255, 2.88675,  0.01097, -0.03725, -0.39723, -0.00341, -0.00618, -0.02936
  0.37499, 0.09726, 0.07252, 2.88690,  0.01602, -0.03727, -0.39976, -0.00341, -0.00620, -0.02949
  0.37532, 0.09726, 0.07250, 2.88705,  0.02098, -0.03967, -0.40486, -0.00342, -0.00622, -0.02960
  0.37640, 0.09725, 0.07248, 2.88721,  0.01645, -0.03497, -0.41505, -0.00342, -0.00624, -0.02972
  0.37747, 0.09723, 0.07244, 2.88736,  0.01201, -0.03035, -0.40990, -0.00343, -0.00626, -0.02983
  0.37854, 0.09721, 0.07241, 2.88751,  0.01236, -0.03291, -0.40730, -0.00343, -0.00628, -0.02995
  0.37962, 0.09720, 0.07238, 2.88758,  0.01978, -0.03544, -0.42261, -0.00343, -0.00630, -0.03007
  0.38069, 0.09718, 0.07237, 2.88759,  0.02236, -0.03324, -0.43535, -0.00344, -0.00631, -0.03015
  0.38179, 0.09716, 0.07235, 2.88755,  0.02490, -0.03817, -0.44555, -0.00344, -0.00632, -0.03024
  0.38286, 0.09716, 0.07234, 2.88746,  0.02741, -0.04540, -0.45321, -0.00345, -0.00634, -0.03034
  0.38394, 0.09716, 0.07233, 2.88734,  0.02987, -0.04304, -0.44809, -0.00345, -0.00636, -0.03044
  0.38502, 0.09713, 0.07234, 2.88721,  0.03461, -0.03128, -0.44040, -0.00345, -0.00638, -0.03055
  0.38609, 0.09708, 0.07236, 2.88707,  0.03925, -0.01735, -0.43525, -0.00346, -0.00639, -0.03067
  0.38717, 0.09703, 0.07238, 2.88692,  0.04380, -0.01785, -0.43522, -0.00346, -0.00641, -0.03079
  0.38826, 0.09699, 0.07239, 2.88676,  0.03650, -0.02068, -0.43007, -0.00347, -0.00644, -0.03092
  0.38935, 0.09695, 0.07240, 2.88659,  0.03638, -0.02343, -0.41983, -0.00347, -0.00646, -0.03105
  0.39044, 0.09693, 0.07239, 2.88641,  0.02450, -0.03085, -0.41469, -0.00348, -0.00648, -0.03119
  0.39158, 0.09692, 0.07237, 2.88622,  0.01518, -0.03338, -0.40699, -0.00348, -0.00650, -0.03134
  0.39266, 0.09692, 0.07234, 2.88603,  0.01779, -0.03822, -0.40697, -0.00349, -0.00653, -0.03149
  0.39373, 0.09692, 0.07232, 2.88583,  0.02038, -0.04301, -0.42485, -0.00349, -0.00656, -0.03166
  0.39481, 0.09693, 0.07231, 2.88563,  0.02291, -0.04770, -0.42230, -0.00350, -0.00658, -0.03182
  0.39589, 0.09693, 0.07230, 2.88544,  0.02067, -0.04048, -0.40695, -0.00351, -0.00661, -0.03199
  0.39696, 0.09692, 0.07228, 2.88525,  0.02318, -0.03575, -0.40949, -0.00351, -0.00664, -0.03217
  0.39804, 0.09693, 0.07228, 2.88505,  0.02565, -0.04528, -0.40694, -0.00352, -0.00667, -0.03235
  0.39912, 0.09695, 0.07226, 2.88486,  0.02102, -0.04988, -0.39928, -0.00353, -0.00670, -0.03253
  0.40019, 0.09699, 0.07225, 2.88465,  0.02353, -0.05675, -0.39931, -0.00353, -0.00673, -0.03272
  0.40127, 0.09702, 0.07225, 2.88445,  0.03070, -0.05643, -0.40701, -0.00354, -0.00676, -0.03290
  0.40237, 0.09704, 0.07224, 2.88426,  0.02599, -0.05142, -0.42235, -0.00355, -0.00679, -0.03308
  0.40349, 0.09704, 0.07222, 2.88409,  0.02139, -0.04182, -0.43767, -0.00355, -0.00682, -0.03326
  0.40456, 0.09701, 0.07220, 2.88394,  0.01924, -0.03005, -0.44529, -0.00356, -0.00685, -0.03345
  0.40563, 0.09699, 0.07218, 2.88378,  0.02418, -0.03504, -0.44782, -0.00356, -0.00687, -0.03363
  0.40670, 0.09700, 0.07217, 2.88361,  0.02433, -0.04702, -0.45037, -0.00357, -0.00690, -0.03381
  0.40778, 0.09701, 0.07215, 2.88344,  0.02447, -0.04696, -0.44525, -0.00358, -0.00693, -0.03400
  0.40885, 0.09700, 0.07214, 2.88329,  0.02461, -0.03980, -0.44013, -0.00358, -0.00696, -0.03418
  0.40992, 0.09700, 0.07213, 2.88313,  0.02709, -0.04458, -0.43246, -0.00359, -0.00699, -0.03437
  0.41100, 0.09703, 0.07213, 2.88296,  0.02949, -0.05394, -0.40693, -0.00360, -0.00702, -0.03456
  0.41208, 0.09706, 0.07214, 2.88274,  0.03420, -0.05603, -0.40186, -0.00360, -0.00705, -0.03474
  0.41317, 0.09708, 0.07215, 2.88249,  0.03648, -0.04865, -0.40699, -0.00361, -0.00708, -0.03493
  0.41425, 0.09710, 0.07216, 2.88222,  0.03398, -0.04845, -0.39168, -0.00361, -0.00711, -0.03512
  0.41532, 0.09713, 0.07215, 2.88193,  0.02448, -0.05297, -0.38404, -0.00362, -0.00714, -0.03530
  0.41642, 0.09716, 0.07213, 2.88162,  0.01988, -0.05744, -0.40450, -0.00363, -0.00717, -0.03549
  0.41750, 0.09720, 0.07211, 2.88130,  0.02011, -0.06187, -0.42752, -0.00363, -0.00720, -0.03568
  0.41858, 0.09723, 0.07209, 2.88098,  0.02034, -0.05680, -0.43520, -0.00364, -0.00723, -0.03587
  0.41966, 0.09724, 0.07206, 2.88067,  0.01586, -0.05182, -0.43775, -0.00364, -0.00726, -0.03606
  0.42073, 0.09726, 0.07202, 2.88036,  0.01146, -0.05166, -0.43518, -0.00365, -0.00729, -0.03625
  0.42186, 0.09727, 0.07198, 2.88004,  0.01183, -0.04912, -0.42494, -0.00366, -0.00732, -0.03644
  0.42294, 0.09728, 0.07195, 2.87973,  0.01689, -0.04424, -0.40960, -0.00366, -0.00735, -0.03663
  0.42402, 0.09729, 0.07194, 2.87942,  0.02419, -0.04415, -0.40193, -0.00367, -0.00738, -0.03682
  0.42509, 0.09730, 0.07195, 2.87911,  0.03135, -0.04405, -0.39683, -0.00367, -0.00741, -0.03702
  0.42617, 0.09729, 0.07195, 2.87881,  0.03367, -0.03688, -0.39683, -0.00368, -0.00744, -0.03721
  0.42725, 0.09728, 0.07197, 2.87852,  0.03827, -0.03457, -0.39684, -0.00368, -0.00747, -0.03740
  0.42832, 0.09728, 0.07200, 2.87822,  0.04278, -0.03703, -0.39941, -0.00369, -0.00751, -0.03760
  0.42940, 0.09728, 0.07203, 2.87793,  0.04252, -0.04418, -0.40455, -0.00370, -0.00754, -0.03779
  0.43047, 0.09731, 0.07205, 2.87763,  0.03755, -0.05117, -0.39436, -0.00370, -0.00757, -0.03798
  0.43159, 0.09733, 0.07206, 2.87734,  0.03501, -0.04857, -0.38928, -0.00371, -0.00760, -0.03818
  0.43267, 0.09735, 0.07207, 2.87705,  0.03490, -0.05312, -0.39442, -0.00371, -0.00763, -0.03838
  0.43374, 0.09739, 0.07209, 2.87676,  0.03950, -0.05760, -0.40724, -0.00372, -0.00766, -0.03857
  0.43484, 0.09742, 0.07212, 2.87648,  0.04640, -0.05732, -0.42774, -0.00372, -0.00769, -0.03877
  0.43593, 0.09743, 0.07214, 2.87621,  0.04142, -0.04997, -0.43287, -0.00373, -0.00772, -0.03897
  0.43700, 0.09744, 0.07215, 2.87595,  0.03889, -0.04747, -0.43289, -0.00373, -0.00775, -0.03916
  0.43807, 0.09746, 0.07217, 2.87569,  0.04347, -0.05209, -0.42782, -0.00374, -0.00778, -0.03936
  0.43916, 0.09748, 0.07219, 2.87543,  0.04327, -0.05428, -0.44063, -0.00375, -0.00781, -0.03956
  0.44023, 0.09750, 0.07220, 2.87518,  0.04075, -0.05647, -0.46110, -0.00375, -0.00785, -0.03976
  0.44132, 0.09752, 0.07221, 2.87494,  0.03594, -0.05391, -0.47389, -0.00376, -0.00788, -0.03996
  0.44245, 0.09752, 0.07221, 2.87471,  0.03592, -0.04430, -0.46368, -0.00376, -0.00791, -0.04016
  0.44354, 0.09751, 0.07221, 2.87454,  0.03352, -0.03956, -0.45089, -0.00377, -0.00794, -0.04036
  0.44462, 0.09749, 0.07219, 2.87442,  0.02648, -0.03730, -0.45853, -0.00377, -0.00797, -0.04056
  0.44570, 0.09747, 0.07217, 2.87433,  0.02193, -0.03271, -0.46360, -0.00378, -0.00800, -0.04077
  0.44680, 0.09744, 0.07215, 2.87428,  0.02451, -0.02818, -0.45845, -0.00378, -0.00804, -0.04097
  0.44787, 0.09742, 0.07213, 2.87424,  0.02234, -0.03320, -0.46352, -0.00379, -0.00807, -0.04117
  0.44895, 0.09742, 0.07210, 2.87421,  0.02022, -0.04285, -0.46861, -0.00379, -0.00810, -0.04137
  0.45410, 0.09742, 0.07209, 2.87420,  0.02514, -0.04287, -0.45838, -0.00380, -0.00814, -0.04162
  0.45444, 0.09742, 0.07209, 2.87420,  0.03234, -0.04528, -0.44049, -0.00380, -0.00817, -0.04186
  0.45479, 0.09742, 0.07210, 2.87419,  0.03705, -0.04759, -0.42517, -0.00381, -0.00821, -0.04209
  0.45513, 0.09743, 0.07211, 2.87418,  0.03933, -0.04275, -0.42007, -0.00381, -0.00824, -0.04231
  0.45546, 0.09743, 0.07210, 2.87418,  0.02977, -0.03794, -0.41752, -0.00382, -0.00828, -0.04253
  0.45580, 0.09745, 0.07210, 2.87418,  0.02742, -0.05218, -0.40731, -0.00382, -0.00831, -0.04274
  0.45614, 0.09747, 0.07210, 2.87418,  0.03219, -0.05432, -0.41500, -0.00383, -0.00834, -0.04294
  0.45648, 0.09747, 0.07210, 2.87418,  0.02739, -0.04712, -0.43289, -0.00383, -0.00837, -0.04314
  0.45681, 0.09749, 0.07209, 2.87419,  0.02510, -0.05180, -0.44056, -0.00384, -0.00840, -0.04333
  0.45715, 0.09749, 0.07209, 2.87420,  0.02993, -0.04932, -0.44568, -0.00384, -0.00843, -0.04351
  0.45749, 0.09749, 0.07209, 2.87422,  0.03236, -0.04690, -0.45845, -0.00384, -0.00846, -0.04369
  0.45782, 0.09750, 0.07209, 2.87423,  0.03474, -0.05163, -0.46102, -0.00385, -0.00848, -0.04386
  0.45816, 0.09753, 0.07209, 2.87423,  0.03707, -0.05860, -0.45338, -0.00385, -0.00851, -0.04402
  0.45849, 0.09756, 0.07210, 2.87423,  0.03699, -0.06309, -0.44831, -0.00386, -0.00853, -0.04417
  0.45883, 0.09759, 0.07212, 2.87423,  0.03924, -0.06035, -0.44580, -0.00386, -0.00856, -0.04432
  0.45917, 0.09762, 0.07212, 2.87423,  0.03677, -0.06006, -0.44839, -0.00386, -0.00858, -0.04446
  0.46024, 0.09765, 0.07214, 2.87423,  0.03903, -0.05739, -0.43309, -0.00386, -0.00860, -0.04460
  0.46132, 0.09766, 0.07217, 2.87424,  0.04827, -0.04764, -0.41779, -0.00387, -0.00862, -0.04474
  0.46240, 0.09767, 0.07221, 2.87425,  0.05031, -0.04754, -0.41783, -0.00387, -0.00864, -0.04489
  0.46348, 0.09769, 0.07224, 2.87425,  0.04994, -0.04981, -0.41276, -0.00387, -0.00866, -0.04503
  0.46455, 0.09770, 0.07227, 2.87426,  0.04484, -0.04728, -0.40257, -0.00388, -0.00868, -0.04513
  0.46564, 0.09770, 0.07228, 2.87428,  0.03516, -0.04009, -0.41024, -0.00388, -0.00870, -0.04524
  0.46672, 0.09769, 0.07229, 2.87430,  0.03507, -0.03775, -0.42046, -0.00388, -0.00871, -0.04536
  0.46780, 0.09769, 0.07230, 2.87431,  0.03500, -0.04254, -0.41280, -0.00388, -0.00873, -0.04549
  0.46888, 0.09770, 0.07230, 2.87433,  0.03021, -0.04489, -0.41792, -0.00389, -0.00875, -0.04562
  0.46995, 0.09770, 0.07229, 2.87435,  0.02315, -0.04248, -0.42558, -0.00389, -0.00878, -0.04576
  0.47103, 0.09770, 0.07227, 2.87437,  0.02327, -0.04008, -0.41279, -0.00389, -0.00880, -0.04591
  0.47212, 0.09771, 0.07227, 2.87437,  0.02334, -0.04481, -0.38980, -0.00389, -0.00882, -0.04606
  0.47319, 0.09773, 0.07226, 2.87438,  0.02107, -0.05178, -0.38726, -0.00390, -0.00885, -0.04623
  0.47426, 0.09775, 0.07225, 2.87439,  0.02594, -0.05154, -0.41027, -0.00390, -0.00887, -0.04640
  0.47534, 0.09776, 0.07227, 2.87440,  0.04014, -0.04191, -0.42562, -0.00390, -0.00890, -0.04658
  0.47642, 0.09775, 0.07228, 2.87446,  0.03998, -0.03719, -0.43584, -0.00391, -0.00893, -0.04676
  0.47750, 0.09773, 0.07227, 2.87455,  0.02574, -0.03493, -0.44348, -0.00391, -0.00896, -0.04696
  0.47857, 0.09771, 0.07227, 2.87466,  0.03291, -0.03272, -0.44091, -0.00391, -0.00899, -0.04716
  0.47965, 0.09770, 0.07229, 2.87477,  0.04228, -0.03527, -0.43325, -0.00392, -0.00902, -0.04737
  0.48072, 0.09769, 0.07230, 2.87491,  0.03736, -0.03777, -0.43580, -0.00392, -0.00905, -0.04759
  0.48181, 0.09767, 0.07230, 2.87505,  0.02785, -0.03552, -0.44089, -0.00392, -0.00909, -0.04780
  0.48289, 0.09765, 0.07227, 2.87521,  0.01617, -0.03096, -0.44340, -0.00393, -0.00912, -0.04802
  0.48397, 0.09761, 0.07223, 2.87539,  0.01410, -0.02410, -0.43057, -0.00393, -0.00915, -0.04824
  0.48505, 0.09758, 0.07221, 2.87556,  0.01910, -0.02679, -0.41519, -0.00394, -0.00919, -0.04846
  0.48612, 0.09756, 0.07220, 2.87572,  0.02163, -0.02940, -0.39727, -0.00394, -0.00922, -0.04868
  0.48720, 0.09753, 0.07219, 2.87589,  0.02410, -0.02488, -0.39724, -0.00394, -0.00925, -0.04890
  0.48827, 0.09751, 0.07219, 2.87606,  0.02889, -0.02755, -0.40999, -0.00395, -0.00929, -0.04912
  0.48934, 0.09750, 0.07219, 2.87621,  0.02890, -0.03725, -0.41509, -0.00395, -0.00932, -0.04934
  0.49042, 0.09751, 0.07219, 2.87636,  0.02656, -0.04676, -0.40999, -0.00395, -0.00935, -0.04956
  0.49148, 0.09753, 0.07219, 2.87649,  0.02895, -0.05134, -0.39723, -0.00396, -0.00939, -0.04979
  0.49256, 0.09754, 0.07219, 2.87663,  0.02892, -0.04401, -0.38702, -0.00396, -0.00942, -0.05001
  0.49364, 0.09755, 0.07220, 2.87677,  0.03361, -0.04392, -0.39215, -0.00396, -0.00946, -0.05023
  0.49471, 0.09758, 0.07223, 2.87689,  0.04529, -0.05093, -0.40753, -0.00397, -0.00949, -0.05045
  0.49579, 0.09760, 0.07228, 2.87701,  0.05439, -0.05307, -0.40248, -0.00397, -0.00952, -0.05068
  0.49687, 0.09760, 0.07233, 2.87713,  0.05863, -0.04101, -0.39997, -0.00397, -0.00956, -0.05090
  0.49794, 0.09759, 0.07239, 2.87727,  0.05810, -0.03392, -0.41277, -0.00398, -0.00959, -0.05113
  0.49901, 0.09757, 0.07243, 2.87741,  0.05290, -0.02934, -0.42555, -0.00398, -0.00962, -0.05135
  0.50008, 0.09754, 0.07246, 2.87755,  0.04780, -0.02723, -0.43321, -0.00398, -0.00966, -0.05158
  0.50116, 0.09751, 0.07248, 2.87769,  0.04515, -0.02751, -0.43576, -0.00399, -0.00969, -0.05180
  0.50226, 0.09748, 0.07250, 2.87783,  0.04019, -0.02542, -0.43063, -0.00399, -0.00973, -0.05203
  0.50333, 0.09745, 0.07251, 2.87797,  0.03532, -0.02573, -0.43061, -0.00399, -0.00976, -0.05226
  0.50441, 0.09741, 0.07252, 2.87812,  0.03525, -0.02132, -0.43568, -0.00400, -0.00979, -0.05249
  0.50548, 0.09736, 0.07253, 2.87826,  0.03755, -0.01701, -0.44586, -0.00400, -0.00983, -0.05271
  0.50656, 0.09730, 0.07254, 2.87841,  0.03980, -0.01514, -0.44837, -0.00400, -0.00986, -0.05294
  0.50765, 0.09727, 0.07254, 2.87848,  0.03496, -0.02272, -0.43812, -0.00400, -0.00990, -0.05317
  0.50872, 0.09725, 0.07255, 2.87849,  0.03490, -0.03010, -0.42533, -0.00401, -0.00993, -0.05340
  0.50980, 0.09724, 0.07257, 2.87847,  0.03955, -0.03264, -0.42277, -0.00401, -0.00996, -0.05363
  0.51087, 0.09723, 0.07258, 2.87841,  0.03704, -0.03751, -0.42278, -0.00401, -0.01000, -0.05386
  0.51197, 0.09724, 0.07258, 2.87831,  0.03222, -0.04228, -0.41767, -0.00402, -0.01003, -0.05409
  0.51306, 0.09725, 0.07259, 2.87820,  0.03454, -0.04696, -0.41514, -0.00402, -0.01007, -0.05433
  0.51413, 0.09727, 0.07259, 2.87807,  0.02977, -0.05154, -0.41771, -0.00402, -0.01010, -0.05456
  0.51522, 0.09729, 0.07257, 2.87794,  0.02276, -0.04660, -0.42793, -0.00402, -0.01014, -0.05479
  0.51631, 0.09729, 0.07254, 2.87780,  0.02059, -0.04414, -0.43814, -0.00403, -0.01017, -0.05503
  0.51739, 0.09729, 0.07253, 2.87766,  0.02551, -0.04172, -0.43303, -0.00403, -0.01021, -0.05526
  0.51846, 0.09728, 0.07253, 2.87752,  0.02796, -0.03226, -0.42789, -0.00403, -0.01024, -0.05549
  0.51954, 0.09725, 0.07252, 2.87739,  0.02567, -0.02770, -0.42531, -0.00403, -0.01027, -0.05573
  0.52061, 0.09722, 0.07250, 2.87726,  0.02340, -0.02556, -0.41505, -0.00404, -0.01031, -0.05597
  0.52170, 0.09721, 0.07248, 2.87712,  0.02118, -0.03055, -0.40991, -0.00404, -0.01034, -0.05620
  0.52277, 0.09720, 0.07247, 2.87698,  0.02369, -0.03543, -0.40223, -0.00404, -0.01038, -0.05644
  0.52385, 0.09720, 0.07246, 2.87683,  0.02381, -0.04021, -0.39967, -0.00404, -0.01041, -0.05668
  0.52493, 0.09721, 0.07244, 2.87668,  0.02157, -0.04253, -0.39455, -0.00405, -0.01045, -0.05691
  0.52600, 0.09721, 0.07245, 2.87653,  0.03114, -0.04009, -0.39967, -0.00405, -0.01048, -0.05715
  0.52707, 0.09721, 0.07247, 2.87638,  0.04054, -0.04011, -0.42012, -0.00405, -0.01052, -0.05739
  0.52814, 0.09720, 0.07249, 2.87624,  0.04506, -0.03778, -0.42269, -0.00405, -0.01055, -0.05763
  0.52921, 0.09719, 0.07255, 2.87610,  0.05892, -0.03550, -0.43038, -0.00405, -0.01059, -0.05787
  0.53031, 0.09718, 0.07260, 2.87596,  0.06314, -0.03567, -0.45085, -0.00406, -0.01062, -0.05811
  0.53139, 0.09716, 0.07266, 2.87582,  0.06258, -0.03585, -0.46110, -0.00406, -0.01066, -0.05835
  0.53248, 0.09713, 0.07270, 2.87570,  0.05260, -0.02892, -0.45087, -0.00406, -0.01069, -0.05859
  0.53356, 0.09711, 0.07271, 2.87558,  0.04046, -0.03156, -0.44320, -0.00406, -0.01073, -0.05883
  0.53464, 0.09712, 0.07274, 2.87543,  0.04264, -0.04828, -0.42534, -0.00406, -0.01076, -0.05907
  0.53571, 0.09714, 0.07275, 2.87529,  0.04007, -0.05048, -0.41004, -0.00407, -0.01080, -0.05932
  0.53679, 0.09716, 0.07276, 2.87515,  0.03518, -0.05029, -0.40751, -0.00407, -0.01084, -0.05956
  0.53786, 0.09718, 0.07279, 2.87501,  0.04452, -0.05486, -0.42033, -0.00407, -0.01087, -0.05980
  0.53893, 0.09722, 0.07283, 2.87491,  0.05367, -0.06170, -0.41529, -0.00407, -0.01091, -0.06005
  0.54406, 0.09727, 0.07288, 2.87483,  0.05558, -0.06603, -0.40770, -0.00407, -0.01095, -0.06034
  0.54440, 0.09730, 0.07293, 2.87480,  0.05748, -0.05852, -0.42310, -0.00407, -0.01099, -0.06062
  0.54473, 0.09731, 0.07296, 2.87480,  0.05000, -0.05356, -0.44358, -0.00408, -0.01103, -0.06090
  0.54508, 0.09732, 0.07298, 2.87483,  0.04500, -0.04869, -0.44871, -0.00408, -0.01107, -0.06116
  0.54542, 0.09732, 0.07300, 2.87488,  0.04241, -0.04387, -0.43339, -0.00408, -0.01110, -0.06142
  0.54576, 0.09733, 0.07302, 2.87493,  0.04219, -0.04620, -0.42064, -0.00408, -0.01114, -0.06167
  0.54610, 0.09734, 0.07306, 2.87499,  0.04903, -0.04611, -0.41301, -0.00408, -0.01118, -0.06192
  0.54643, 0.09735, 0.07309, 2.87505,  0.04871, -0.04839, -0.41560, -0.00408, -0.01121, -0.06215
  0.54677, 0.09737, 0.07310, 2.87512,  0.03900, -0.05066, -0.43351, -0.00408, -0.01124, -0.06238
  0.54710, 0.09737, 0.07310, 2.87520,  0.03419, -0.04817, -0.44374, -0.00408, -0.01127, -0.06259
  0.54744, 0.09737, 0.07311, 2.87529,  0.03653, -0.04338, -0.44630, -0.00409, -0.01130, -0.06280
  0.54777, 0.09737, 0.07311, 2.87538,  0.03176, -0.04338, -0.44374, -0.00409, -0.01133, -0.06301
  0.54811, 0.09739, 0.07310, 2.87546,  0.02941, -0.05280, -0.42331, -0.00409, -0.01136, -0.06320
  0.54844, 0.09742, 0.07310, 2.87554,  0.02707, -0.05257, -0.40544, -0.00409, -0.01139, -0.06338
  0.54878, 0.09743, 0.07309, 2.87562,  0.02949, -0.04997, -0.40291, -0.00409, -0.01141, -0.06356
  0.54912, 0.09746, 0.07310, 2.87569,  0.03187, -0.05452, -0.40804, -0.00409, -0.01144, -0.06373
  0.55019, 0.09748, 0.07309, 2.87577,  0.02952, -0.05429, -0.42084, -0.00409, -0.01146, -0.06390
  0.55127, 0.09751, 0.07308, 2.87584,  0.02485, -0.05405, -0.42085, -0.00409, -0.01149, -0.06406
  0.55236, 0.09754, 0.07306, 2.87592,  0.02262, -0.05850, -0.41066, -0.00409, -0.01151, -0.06423
  0.55344, 0.09760, 0.07305, 2.87597,  0.02276, -0.06758, -0.40814, -0.00409, -0.01154, -0.06440
  0.55451, 0.09766, 0.07304, 2.87602,  0.02524, -0.07175, -0.39798, -0.00409, -0.01155, -0.06453
  0.55559, 0.09772, 0.07303, 2.87608,  0.02531, -0.06639, -0.39036, -0.00409, -0.01157, -0.06466
  0.55667, 0.09776, 0.07304, 2.87613,  0.03243, -0.06113, -0.39297, -0.00409, -0.01159, -0.06480
  0.55774, 0.09780, 0.07305, 2.87619,  0.03707, -0.05598, -0.40067, -0.00409, -0.01161, -0.06495
  0.55882, 0.09784, 0.07306, 2.87625,  0.03460, -0.06042, -0.42627, -0.00409, -0.01164, -0.06511
  0.55989, 0.09788, 0.07307, 2.87630,  0.03455, -0.06716, -0.43910, -0.00409, -0.01166, -0.06527
  0.56096, 0.09792, 0.07308, 2.87636,  0.03684, -0.05961, -0.43914, -0.00409, -0.01169, -0.06545
